decimation = 1/ xo = 0/ xf = 1/ dramp = 10/ eramp = 15/ angle = 50/ nb lign = 1/ nb img = 1
1 
1 
2 
1 
3 
1 
3 
2 
2 
1 
1 
1 
1 
3 
3 
1 
1 
1 
7 
3 
5 
2 
7 
1 
7 
1 
3 
2 
1 
3 
1 
1 
3 
5 
3 
1 
5 
3 
1 
3 
1 
5 
1 
7 
4 
7 
3 
3 
1 
3 
4 
1 
1 
7 
2 
1 
3 
2 
2 
1 
1 
5 
3 
3 
1 
2 
4 
2 
5 
2 
2 
4 
3 
1 
5 
1 
2 
4 
5 
1 
2 
1 
1 
2 
1 
5 
2 
5 
3 
3 
1 
3 
2 
3 
3 
1 
4 
7 
7 
1 
1 
2 
3 
3 
3 
2 
1 
1 
5 
3 
1 
3 
3 
7 
3 
3 
1 
7 
1 
2 
5 
3 
1 
1 
4 
3 
1 
3 
4 
1 
1 
3 
2 
2 
3 
5 
1 
1 
4 
1 
1 
1 
5 
3 
4 
5 
7 
3 
1 
3 
1 
4 
3 
1 
1 
1 
7 
4 
3 
1 
2 
1 
1 
3 
3 
2 
1 
1 
